% Intrinsic and Extrinsic Camera Parameters
%
% This script file can be directly executed under Matlab to recover the camera intrinsic and extrinsic parameters.
% IMPORTANT: This file contains neither the structure of the calibration objects nor the image coordinates of the calibration points.
%            All those complementary variables are saved in the complete matlab data file Calib_Results.mat.
% For more information regarding the calibration model visit http://www.vision.caltech.edu/bouguetj/calib_doc/


%-- Focal length:
fc = [ 1924.625047828713150 ; 1939.010460841843724 ];

%-- Principal point:
cc = [ 837.048178386695781 ; 849.579809621066147 ];

%-- Skew coefficient:
alpha_c = 0.000000000000000;

%-- Distortion coefficients:
kc = [ -0.088963096917641 ; 0.270036083625629 ; 0.020267161128469 ; -0.002922116967177 ; 0.000000000000000 ];

%-- Focal length uncertainty:
fc_error = [ 31.816941231051423 ; 32.298156774507056 ];

%-- Principal point uncertainty:
cc_error = [ 21.429834662248020 ; 16.486275702456989 ];

%-- Skew coefficient uncertainty:
alpha_c_error = 0.000000000000000;

%-- Distortion coefficients uncertainty:
kc_error = [ 0.027226016153798 ; 0.185185396873740 ; 0.002201048631158 ; 0.002822080654898 ; 0.000000000000000 ];

%-- Image size:
nx = 1624;
ny = 1224;


%-- Various other variables (may be ignored if you do not use the Matlab Calibration Toolbox):
%-- Those variables are used to control which intrinsic parameters should be optimized

n_ima = 25;						% Number of calibration images
est_fc = [ 1 ; 1 ];					% Estimation indicator of the two focal variables
est_aspect_ratio = 1;				% Estimation indicator of the aspect ratio fc(2)/fc(1)
center_optim = 1;					% Estimation indicator of the principal point
est_alpha = 0;						% Estimation indicator of the skew coefficient
est_dist = [ 1 ; 1 ; 1 ; 1 ; 0 ];	% Estimation indicator of the distortion coefficients


%-- Extrinsic parameters:
%-- The rotation (omc_kk) and the translation (Tc_kk) vectors for every calibration image and their uncertainties

%-- Image #1:
omc_1 = [ -2.138044e+00 ; -2.171663e+00 ; -2.648633e-01 ];
Tc_1  = [ -5.019318e+01 ; -4.996191e+02 ; 3.735256e+03 ];
omc_error_1 = [ 3.155210e-02 ; 2.976220e-02 ; 6.355450e-02 ];
Tc_error_1  = [ 4.202089e+01 ; 3.204153e+01 ; 6.413090e+01 ];

%-- Image #2:
omc_2 = [ 1.994641e+00 ; 2.071042e+00 ; 5.509839e-01 ];
Tc_2  = [ -1.277556e+02 ; -2.778446e+02 ; 2.130222e+03 ];
omc_error_2 = [ 8.576481e-03 ; 9.017693e-03 ; 1.660183e-02 ];
Tc_error_2  = [ 2.403719e+01 ; 1.819909e+01 ; 3.623079e+01 ];

%-- Image #3:
omc_3 = [ -1.949934e+00 ; -2.099830e+00 ; 8.992486e-02 ];
Tc_3  = [ 3.835071e+02 ; -2.535803e+02 ; 2.107065e+03 ];
omc_error_3 = [ 2.041762e-02 ; 2.891080e-02 ; 4.139266e-02 ];
Tc_error_3  = [ 2.379691e+01 ; 1.813556e+01 ; 3.389358e+01 ];

%-- Image #4:
omc_4 = [ 2.057763e+00 ; 2.136983e+00 ; 5.370460e-01 ];
Tc_4  = [ -2.688664e+01 ; -2.202180e+02 ; 1.847731e+03 ];
omc_error_4 = [ 8.575580e-03 ; 8.023650e-03 ; 1.668182e-02 ];
Tc_error_4  = [ 2.075091e+01 ; 1.575356e+01 ; 3.104011e+01 ];

%-- Image #5:
omc_5 = [ -2.139926e+00 ; -2.153066e+00 ; -2.773830e-01 ];
Tc_5  = [ 8.869280e+01 ; -1.736231e+02 ; 1.808179e+03 ];
omc_error_5 = [ 8.450713e-03 ; 1.026200e-02 ; 2.035886e-02 ];
Tc_error_5  = [ 2.017762e+01 ; 1.541358e+01 ; 2.974848e+01 ];

%-- Image #6:
omc_6 = [ -2.094305e+00 ; -2.115277e+00 ; -2.230504e-01 ];
Tc_6  = [ 1.323767e+02 ; -1.549912e+02 ; 1.706375e+03 ];
omc_error_6 = [ 7.887013e-03 ; 1.015291e-02 ; 1.986852e-02 ];
Tc_error_6  = [ 1.903154e+01 ; 1.455945e+01 ; 2.785244e+01 ];

%-- Image #7:
omc_7 = [ -1.840676e+00 ; -1.904143e+00 ; -4.812052e-01 ];
Tc_7  = [ 1.126652e+02 ; -1.695219e+02 ; 1.642610e+03 ];
omc_error_7 = [ 5.210490e-03 ; 7.926346e-03 ; 1.599684e-02 ];
Tc_error_7  = [ 1.844188e+01 ; 1.401621e+01 ; 2.623782e+01 ];

%-- Image #8:
omc_8 = [ 2.024142e+00 ; 2.181553e+00 ; -2.467287e-01 ];
Tc_8  = [ -3.409662e+00 ; -2.138259e+02 ; 1.620190e+03 ];
omc_error_8 = [ 7.755866e-03 ; 1.040792e-02 ; 1.997581e-02 ];
Tc_error_8  = [ 1.821175e+01 ; 1.374047e+01 ; 2.547846e+01 ];

%-- Image #9:
omc_9 = [ -2.044343e+00 ; -2.051417e+00 ; -1.174482e-01 ];
Tc_9  = [ 7.538952e+01 ; -1.438506e+02 ; 1.421071e+03 ];
omc_error_9 = [ 7.367101e-03 ; 9.478548e-03 ; 1.909069e-02 ];
Tc_error_9  = [ 1.589828e+01 ; 1.211978e+01 ; 2.256040e+01 ];

%-- Image #10:
omc_10 = [ -2.192505e+00 ; -2.203347e+00 ; -3.762016e-01 ];
Tc_10  = [ -1.457100e+02 ; -1.006623e+02 ; 1.332272e+03 ];
omc_error_10 = [ 6.790950e-03 ; 7.995939e-03 ; 1.726265e-02 ];
Tc_error_10  = [ 1.499536e+01 ; 1.137315e+01 ; 2.221946e+01 ];

%-- Image #11:
omc_11 = [ 2.143248e+00 ; 2.130719e+00 ; 5.396098e-01 ];
Tc_11  = [ -1.753230e+02 ; -6.348615e+01 ; 1.115459e+03 ];
omc_error_11 = [ 7.506199e-03 ; 5.286264e-03 ; 1.542618e-02 ];
Tc_error_11  = [ 1.263165e+01 ; 9.541128e+00 ; 1.897204e+01 ];

%-- Image #12:
omc_12 = [ -2.065270e+00 ; -2.120481e+00 ; -8.760554e-02 ];
Tc_12  = [ -3.618499e+01 ; -4.736017e+02 ; 3.585836e+03 ];
omc_error_12 = [ 3.764502e-02 ; 3.911740e-02 ; 8.205822e-02 ];
Tc_error_12  = [ 4.033380e+01 ; 3.064120e+01 ; 5.931131e+01 ];

%-- Image #13:
omc_13 = [ -2.071004e+00 ; -2.113413e+00 ; -6.314367e-01 ];
Tc_13  = [ -1.441106e+02 ; -5.292644e+01 ; 1.100181e+03 ];
omc_error_13 = [ 4.920852e-03 ; 7.351798e-03 ; 1.587616e-02 ];
Tc_error_13  = [ 1.235899e+01 ; 9.391761e+00 ; 1.884987e+01 ];

%-- Image #14:
omc_14 = [ 2.133120e+00 ; 2.114931e+00 ; 3.808334e-02 ];
Tc_14  = [ -7.425338e-01 ; -6.825146e+01 ; 1.126447e+03 ];
omc_error_14 = [ 7.781106e-03 ; 7.375079e-03 ; 1.686333e-02 ];
Tc_error_14  = [ 1.254761e+01 ; 9.550466e+00 ; 1.790838e+01 ];

%-- Image #15:
omc_15 = [ -1.979873e+00 ; -2.013830e+00 ; -4.924022e-01 ];
Tc_15  = [ -5.279398e+01 ; -2.223808e+01 ; 9.557942e+02 ];
omc_error_15 = [ 4.774910e-03 ; 7.258460e-03 ; 1.608941e-02 ];
Tc_error_15  = [ 1.066197e+01 ; 8.124049e+00 ; 1.575016e+01 ];

%-- Image #16:
omc_16 = [ 2.178603e+00 ; 2.196930e+00 ; 2.579851e-01 ];
Tc_16  = [ -8.018290e+01 ; -9.669783e+01 ; 9.350113e+02 ];
omc_error_16 = [ 7.387723e-03 ; 6.171165e-03 ; 1.538963e-02 ];
Tc_error_16  = [ 1.048822e+01 ; 7.962420e+00 ; 1.531589e+01 ];

%-- Image #17:
omc_17 = [ 2.047092e+00 ; 1.944400e+00 ; 1.875295e-01 ];
Tc_17  = [ -2.309388e+02 ; -9.476013e+01 ; 1.245369e+03 ];
omc_error_17 = [ 7.824967e-03 ; 8.641855e-03 ; 1.527683e-02 ];
Tc_error_17  = [ 1.400976e+01 ; 1.065780e+01 ; 2.089025e+01 ];

%-- Image #18:
omc_18 = [ 2.134040e+00 ; 2.233129e+00 ; -3.247584e-01 ];
Tc_18  = [ 1.047027e+02 ; -1.340672e+02 ; 1.551352e+03 ];
omc_error_18 = [ 9.946517e-03 ; 1.034556e-02 ; 2.321807e-02 ];
Tc_error_18  = [ 1.740589e+01 ; 1.314620e+01 ; 2.370478e+01 ];

%-- Image #19:
omc_19 = [ -1.875577e+00 ; -2.015614e+00 ; -2.981789e-01 ];
Tc_19  = [ 1.118206e+02 ; -4.860457e+02 ; 3.396804e+03 ];
omc_error_19 = [ 1.133946e-02 ; 1.383612e-02 ; 2.692069e-02 ];
Tc_error_19  = [ 3.828909e+01 ; 2.906396e+01 ; 5.527741e+01 ];

%-- Image #20:
omc_20 = [ -1.914119e+00 ; -2.150995e+00 ; 1.219140e-01 ];
Tc_20  = [ 2.463656e+02 ; -4.864429e+02 ; 3.132959e+03 ];
omc_error_20 = [ 2.278706e-02 ; 2.691091e-02 ; 5.339107e-02 ];
Tc_error_20  = [ 3.546778e+01 ; 2.673999e+01 ; 5.029007e+01 ];

%-- Image #21:
omc_21 = [ -1.895392e+00 ; -2.075067e+00 ; -5.386912e-01 ];
Tc_21  = [ -3.560776e+01 ; -4.594331e+02 ; 3.045302e+03 ];
omc_error_21 = [ 9.646788e-03 ; 1.132181e-02 ; 2.210923e-02 ];
Tc_error_21  = [ 3.433227e+01 ; 2.612307e+01 ; 5.057394e+01 ];

%-- Image #22:
omc_22 = [ 2.053452e+00 ; 2.183957e+00 ; -2.380980e-01 ];
Tc_22  = [ -6.996428e+01 ; -4.030383e+02 ; 2.862728e+03 ];
omc_error_22 = [ 1.029071e-02 ; 1.419701e-02 ; 2.615963e-02 ];
Tc_error_22  = [ 3.221508e+01 ; 2.440756e+01 ; 4.654674e+01 ];

%-- Image #23:
omc_23 = [ -1.896251e+00 ; -2.032048e+00 ; 7.812090e-02 ];
