% Intrinsic and Extrinsic Camera Parameters
%
% This script file can be directly executed under Matlab to recover the camera intrinsic and extrinsic parameters.
% IMPORTANT: This file contains neither the structure of the calibration objects nor the image coordinates of the calibration points.
%            All those complementary variables are saved in the complete matlab data file Calib_Results.mat.
% For more information regarding the calibration model visit http://www.vision.caltech.edu/bouguetj/calib_doc/


%-- Focal length:
fc = [ 1923.605502859450098 ; 1945.282431655196888 ];

%-- Principal point:
cc = [ 815.762074065519528 ; 801.975619901417303 ];

%-- Skew coefficient:
alpha_c = 0.000000000000000;

%-- Distortion coefficients:
kc = [ -0.063270312731138 ; 0.152302305702843 ; 0.022443308123665 ; -0.004855204612241 ; 0.000000000000000 ];

%-- Focal length uncertainty:
fc_error = [ 49.457835974574998 ; 51.695344404137757 ];

%-- Principal point uncertainty:
cc_error = [ 26.295369912752093 ; 29.398504133798177 ];

%-- Skew coefficient uncertainty:
alpha_c_error = 0.000000000000000;

%-- Distortion coefficients uncertainty:
kc_error = [ 0.026474909672379 ; 0.124965911075864 ; 0.004026517214713 ; 0.002863035892195 ; 0.000000000000000 ];

%-- Image size:
nx = 1624;
ny = 1224;


%-- Various other variables (may be ignored if you do not use the Matlab Calibration Toolbox):
%-- Those variables are used to control which intrinsic parameters should be optimized

n_ima = 25;						% Number of calibration images
est_fc = [ 1 ; 1 ];					% Estimation indicator of the two focal variables
est_aspect_ratio = 1;				% Estimation indicator of the aspect ratio fc(2)/fc(1)
center_optim = 1;					% Estimation indicator of the principal point
est_alpha = 0;						% Estimation indicator of the skew coefficient
est_dist = [ 1 ; 1 ; 1 ; 1 ; 0 ];	% Estimation indicator of the distortion coefficients


%-- Extrinsic parameters:
%-- The rotation (omc_kk) and the translation (Tc_kk) vectors for every calibration image and their uncertainties

%-- Image #1:
omc_1 = [ -2.037509e+00 ; -1.995333e+00 ; -2.025456e-01 ];
Tc_1  = [ 1.972060e+02 ; -8.095625e+02 ; 3.720813e+03 ];
omc_error_1 = [ 4.465520e-02 ; 4.465514e-02 ; 8.757942e-02 ];
Tc_error_1  = [ 5.197704e+01 ; 5.729663e+01 ; 9.700281e+01 ];

%-- Image #2:
omc_2 = [ 2.182817e+00 ; 2.190515e+00 ; 4.682755e-01 ];
Tc_2  = [ -1.817284e+02 ; -4.679821e+02 ; 2.179119e+03 ];
omc_error_2 = [ 1.802946e-02 ; 1.962354e-02 ; 3.446481e-02 ];
Tc_error_2  = [ 3.033790e+01 ; 3.332437e+01 ; 5.692883e+01 ];

%-- Image #3:
omc_3 = [ -1.833900e+00 ; -1.964849e+00 ; 2.221711e-01 ];
Tc_3  = [ 3.200181e+02 ; -4.439042e+02 ; 2.068784e+03 ];
omc_error_3 = [ 1.527421e-02 ; 1.692954e-02 ; 3.031051e-02 ];
Tc_error_3  = [ 2.956990e+01 ; 3.181452e+01 ; 5.190046e+01 ];

%-- Image #4:
omc_4 = [ -2.146098e+00 ; -2.151815e+00 ; -4.329655e-01 ];
Tc_4  = [ -1.351158e+02 ; -3.892146e+02 ; 1.885364e+03 ];
omc_error_4 = [ 1.799200e-02 ; 1.866311e-02 ; 3.065823e-02 ];
Tc_error_4  = [ 2.629098e+01 ; 2.872214e+01 ; 4.868180e+01 ];

%-- Image #5:
omc_5 = [ -2.045524e+00 ; -2.005885e+00 ; -1.506888e-01 ];
Tc_5  = [ -2.803291e+01 ; -3.397955e+02 ; 1.825663e+03 ];
omc_error_5 = [ 1.656015e-02 ; 1.799668e-02 ; 3.269122e-02 ];
Tc_error_5  = [ 2.531511e+01 ; 2.786896e+01 ; 4.647551e+01 ];

%-- Image #6:
omc_6 = [ -1.998840e+00 ; -1.968248e+00 ; -1.059991e-01 ];
Tc_6  = [ -3.937340e+00 ; -3.134438e+02 ; 1.720003e+03 ];
omc_error_6 = [ 1.327072e-02 ; 1.466207e-02 ; 2.581195e-02 ];
Tc_error_6  = [ 2.386352e+01 ; 2.625131e+01 ; 4.363753e+01 ];

%-- Image #7:
omc_7 = [ -1.773601e+00 ; -1.730275e+00 ; -3.535718e-01 ];
Tc_7  = [ -3.568799e+01 ; -3.236811e+02 ; 1.662536e+03 ];
omc_error_7 = [ 9.828289e-03 ; 1.218124e-02 ; 1.521518e-02 ];
Tc_error_7  = [ 2.313428e+01 ; 2.541226e+01 ; 4.240363e+01 ];

%-- Image #8:
omc_8 = [ -2.076526e+00 ; -2.283332e+00 ; 3.904952e-01 ];
Tc_8  = [ -1.556464e+02 ; -3.649744e+02 ; 1.653783e+03 ];
omc_error_8 = [ 1.451793e-02 ; 9.534043e-03 ; 2.370630e-02 ];
Tc_error_8  = [ 2.307396e+01 ; 2.504772e+01 ; 4.061307e+01 ];

%-- Image #9:
omc_9 = [ -1.935661e+00 ; -1.905516e+00 ; 5.821245e-03 ];
Tc_9  = [ -1.143316e+02 ; -2.812112e+02 ; 1.453102e+03 ];
omc_error_9 = [ 1.096443e-02 ; 1.021129e-02 ; 1.805209e-02 ];
Tc_error_9  = [ 2.008639e+01 ; 2.210186e+01 ; 3.610719e+01 ];

%-- Image #10:
omc_10 = [ -2.097456e+00 ; -2.055844e+00 ; -2.105187e-01 ];
Tc_10  = [ -3.491150e+02 ; -2.330014e+02 ; 1.413455e+03 ];
omc_error_10 = [ 1.274881e-02 ; 1.206940e-02 ; 2.254823e-02 ];
Tc_error_10  = [ 1.947660e+01 ; 2.166890e+01 ; 3.632779e+01 ];

%-- Image #11:
omc_11 = [ -2.161341e+00 ; -2.082926e+00 ; -3.789310e-01 ];
Tc_11  = [ -4.201203e+02 ; -1.807582e+02 ; 1.211551e+03 ];
omc_error_11 = [ 1.380692e-02 ; 1.299957e-02 ; 2.283825e-02 ];
Tc_error_11  = [ 1.696649e+01 ; 1.868926e+01 ; 3.147846e+01 ];

%-- Image #12:
omc_12 = [ -1.961335e+00 ; -1.965805e+00 ; 3.421394e-02 ];
Tc_12  = [ 1.834970e+02 ; -7.751949e+02 ; 3.585036e+03 ];
omc_error_12 = [ 2.692747e-02 ; 2.749102e-02 ; 5.297796e-02 ];
Tc_error_12  = [ 5.031312e+01 ; 5.503589e+01 ; 9.123076e+01 ];

%-- Image #13:
omc_13 = [ -2.004421e+00 ; -1.953788e+00 ; -4.646846e-01 ];
Tc_13  = [ -3.915750e+02 ; -1.689163e+02 ; 1.190819e+03 ];
omc_error_13 = [ 1.179075e-02 ; 1.361732e-02 ; 1.611231e-02 ];
Tc_error_13  = [ 1.651744e+01 ; 1.833183e+01 ; 3.132710e+01 ];

%-- Image #14:
omc_14 = [ -2.186016e+00 ; -2.179817e+00 ; 9.809043e-02 ];
Tc_14  = [ -2.447271e+02 ; -1.841277e+02 ; 1.181126e+03 ];
omc_error_14 = [ 1.179330e-02 ; 9.603233e-03 ; 2.415735e-02 ];
Tc_error_14  = [ 1.623943e+01 ; 1.793424e+01 ; 2.997799e+01 ];

%-- Image #15:
omc_15 = [ -1.897144e+00 ; -1.850446e+00 ; -3.395963e-01 ];
Tc_15  = [ -3.275962e+02 ; -1.270165e+02 ; 1.032133e+03 ];
omc_error_15 = [ 1.152027e-02 ; 1.298974e-02 ; 1.413144e-02 ];
Tc_error_15  = [ 1.413225e+01 ; 1.584482e+01 ; 2.710009e+01 ];

%-- Image #16:
omc_16 = [ -2.108292e+00 ; -2.108080e+00 ; -9.892169e-02 ];
Tc_16  = [ -3.601721e+02 ; -2.003461e+02 ; 1.011309e+03 ];
omc_error_16 = [ 1.130402e-02 ; 9.371628e-03 ; 1.948903e-02 ];
Tc_error_16  = [ 1.391775e+01 ; 1.566673e+01 ; 2.668714e+01 ];

%-- Image #17:
omc_17 = [ 2.197211e+00 ; 2.092546e+00 ; 5.908316e-02 ];
Tc_17  = [ -4.501598e+02 ; -2.215392e+02 ; 1.348332e+03 ];
omc_error_17 = [ 1.174998e-02 ; 1.488793e-02 ; 2.826525e-02 ];
Tc_error_17  = [ 1.876123e+01 ; 2.073155e+01 ; 3.507808e+01 ];

%-- Image #18:
omc_18 = [ -2.025290e+00 ; -2.158231e+00 ; 4.268782e-01 ];
Tc_18  = [ -6.104481e+01 ; -2.803989e+02 ; 1.571546e+03 ];
omc_error_18 = [ 1.351668e-02 ; 9.516658e-03 ; 2.334240e-02 ];
Tc_error_18  = [ 2.180065e+01 ; 2.370736e+01 ; 3.812750e+01 ];

%-- Image #19:
omc_19 = [ -1.795856e+00 ; -1.840982e+00 ; -1.871471e-01 ];
Tc_19  = [ 2.930839e+02 ; -7.742526e+02 ; 3.371700e+03 ];
omc_error_19 = [ 1.506397e-02 ; 1.792523e-02 ; 2.874402e-02 ];
Tc_error_19  = [ 4.758011e+01 ; 5.205749e+01 ; 8.638525e+01 ];

%-- Image #20:
omc_20 = [ -1.794677e+00 ; -1.990251e+00 ; 2.066020e-01 ];
Tc_20  = [ 3.746664e+02 ; -7.545435e+02 ; 3.084775e+03 ];
omc_error_20 = [ 1.753058e-02 ; 1.886257e-02 ; 3.405581e-02 ];
Tc_error_20  = [ 4.386349e+01 ; 4.758596e+01 ; 7.855908e+01 ];

%-- Image #21:
omc_21 = [ -1.837251e+00 ; -1.893927e+00 ; -4.209937e-01 ];
Tc_21  = [ 8.042555e+01 ; -7.181271e+02 ; 3.047801e+03 ];
omc_error_21 = [ 1.427941e-02 ; 1.730780e-02 ; 2.653514e-02 ];
Tc_error_21  = [ 4.273339e+01 ; 4.697616e+01 ; 7.861677e+01 ];

%-- Image #22:
omc_22 = [ -2.087432e+00 ; -2.248796e+00 ; 3.836710e-01 ];
Tc_22  = [ 1.274650e+01 ; -6.471954e+02 ; 2.875109e+03 ];
omc_error_22 = [ 1.796590e-02 ; 1.264482e-02 ; 3.072762e-02 ];
Tc_error_22  = [ 4.019964e+01 ; 4.386580e+01 ; 7.196919e+01 ];

%-- Image #23:
omc_23 = [ -1.777401e+00 ; -1.867844e+00 ; 1.789578e-01 ];
